94714201486
94706278414
94715272921
94703788378
94702831130
94714682540
94710585788
94713245577
94711751921
94703787776
94716525731
94714246215
94715493049
94715286974
94718555300
94717134874
94715287118
94702632655
94702058437
94715287865
94702848437
94718456688
94717873224
94711622807
94712198139
94713187032
94718900973
94713622454
94713560857
94713912256
94713842149
94711678137
94703829785
94718710297
94717276562
94713428406
94717325752
94719952224
94706090816
94713782482
94710164757
94713957291
94713070111
94717192276
94713520053
94713981854
94718920753
94714554543
94714401080
94702274566
94703724618
94712911253
